104
105
106
106
104
105
106
106
104
105
106
106
104
105
106
106
104
105
106
106
104
105
106
106
104
105
106
106
104
105
106
106
104
105
106
106
104
105
106
106
104
105
106
106
104
105
106
106
104
105
106
106
104
105
106
106
104
105
106
106
104
105
106
106
104
105
106
106
104
105
106
106
104
105
106
106
104
105
106
106
104
105
106
106
104
105
106
106
104
105
106
106
104
105
106
106
104
105
106
106
104
105
106
106
104
105
106
106
104
105
106
106
104
105
106
106
104
105
106
106
104
105
106
106
104
105
106
106
104
105
106
106
